0	3.06E-04
0.02	1.94E-03
0.04	6.93E-03
0.06	2.96E-03
0.08	2.96E-03
0.1	5.51E-03
0.12	8.46E-03
0.14	5.40E-03
0.16	1.43E-03
0.18	5.40E-03
0.2	1.37E-02
0.22	1.26E-02
0.24	6.73E-03
0.26	6.22E-03
0.28	1.36E-02
0.3	5.00E-03
0.32	9.79E-03
0.34	1.92E-02
0.36	2.48E-02
0.38	1.36E-02
0.4	4.69E-03
0.42	-8.26E-03
0.44	-1.59E-02
0.46	-8.67E-03
0.48	-3.16E-03
0.5	4.08E-03
0.52	8.67E-03
0.54	1.35E-02
0.56	1.84E-02
0.58	1.65E-02
0.6	2.35E-03
0.62	2.55E-03
0.64	8.16E-03
0.66	7.85E-03
0.68	1.12E-02
0.7	1.34E-02
0.72	8.26E-03
0.74	1.33E-03
0.76	-1.54E-02
0.78	-3.37E-02
0.8	-5.42E-02
0.82	-6.59E-02
0.84	-5.35E-02
0.86	-4.23E-02
0.88	-4.09E-02
0.9	-5.25E-02
0.92	-5.80E-02
0.94	-5.83E-02
0.96	-5.38E-02
0.98	-5.07E-02
1	-5.08E-02
1.02	-5.61E-02
1.04	-5.02E-02
1.06	-4.39E-02
1.08	-3.69E-02
1.1	-2.86E-02
1.12	-2.08E-02
1.14	-1.50E-02
1.16	-2.17E-02
1.18	-4.79E-03
1.2	2.19E-02
1.22	4.88E-02
1.24	5.91E-02
1.26	1.92E-02
1.28	-1.24E-02
1.3	-5.49E-02
1.32	-9.87E-02
1.34	-1.12E-01
1.36	-1.08E-01
1.38	-1.09E-01
1.4	-1.02E-01
1.42	-9.54E-02
1.44	-1.15E-01
1.46	-1.50E-01
1.48	-1.23E-01
1.5	-1.12E-01
1.52	-8.75E-02
1.54	-6.49E-02
1.56	-3.87E-02
1.58	-1.58E-02
1.6	1.09E-02
1.62	3.45E-02
1.64	6.11E-02
1.66	8.51E-02
1.68	1.11E-01
1.7	1.36E-01
1.72	1.52E-01
1.74	1.21E-01
1.76	1.13E-01
1.78	1.02E-01
1.8	1.10E-01
1.82	8.40E-02
1.84	3.76E-02
1.86	-2.29E-02
1.88	-1.51E-01
1.9	-1.83E-01
1.92	-1.62E-01
1.94	-1.72E-01
1.96	-1.55E-01
1.98	-1.48E-01
2	-1.38E-01
2.02	-1.30E-01
2.04	-1.20E-01
2.06	-1.11E-01
2.08	-1.02E-01
2.1	-7.79E-02
2.12	-6.07E-02
2.14	-9.69E-03
2.16	5.53E-02
2.18	1.08E-01
2.2	7.85E-02
2.22	5.97E-02
2.24	2.52E-02
2.26	-1.31E-02
2.28	-6.88E-02
2.3	-8.42E-02
2.32	-5.31E-02
2.34	-3.06E-02
2.36	7.55E-03
2.38	4.56E-02
2.4	8.69E-02
2.42	1.14E-01
2.44	9.40E-02
2.46	7.90E-02
2.48	5.55E-02
2.5	1.59E-02
2.52	-1.87E-02
2.54	-6.24E-02
2.56	-7.14E-02
2.58	-3.24E-02
2.6	-3.87E-03
2.62	2.90E-02
2.64	6.06E-02
2.66	9.37E-02
2.68	1.13E-01
2.7	6.64E-02
2.72	2.75E-02
2.74	-1.54E-02
2.76	1.47E-02
2.78	3.37E-02
2.8	7.87E-02
2.82	1.20E-01
2.84	1.62E-01
2.86	1.82E-01
2.88	1.52E-01
2.9	1.20E-01
2.92	8.04E-02
2.94	3.32E-02
2.96	3.58E-02
2.98	5.39E-02
3	7.04E-02
3.02	7.25E-02
3.04	6.76E-02
3.06	6.33E-02
3.08	5.53E-02
3.1	5.31E-02
3.12	6.46E-02
3.14	7.12E-02
3.16	8.26E-02
3.18	4.39E-02
3.2	-5.61E-03
3.22	-4.68E-02
3.24	-2.10E-02
3.26	-7.14E-04
3.28	2.65E-02
3.3	4.96E-02
3.32	7.79E-02
3.34	8.96E-02
3.36	6.23E-02
3.38	3.58E-02
3.4	2.02E-02
3.42	4.37E-02
3.44	5.90E-02
3.46	8.81E-02
3.48	9.65E-02
3.5	4.22E-02
3.52	-6.02E-03
3.54	-5.21E-02
3.56	-9.44E-02
3.58	-9.72E-02
3.6	-9.52E-02
3.62	-9.05E-02
3.64	-8.78E-02
3.66	-7.55E-02
3.68	-6.36E-02
3.7	-5.11E-02
3.72	-3.83E-02
3.74	-2.45E-02
3.76	-1.27E-02
3.78	1.53E-03
3.8	-1.74E-02
3.82	-4.29E-02
3.84	-7.25E-02
3.86	-6.56E-02
3.88	-2.82E-02
3.9	-6.63E-03
3.92	1.72E-02
3.94	-2.35E-02
3.96	-6.02E-02
3.98	-5.81E-02
4	-6.63E-03
4.02	1.50E-02
4.04	2.09E-02
4.06	2.13E-02
4.08	4.48E-02
4.1	5.19E-02
4.12	4.91E-02
4.14	-1.59E-01
4.16	-1.00E-01
4.18	-1.09E-01
4.2	-6.86E-02
4.22	-2.61E-02
4.24	2.66E-02
4.26	6.27E-02
4.28	1.04E-01
4.3	1.11E-01
4.32	9.73E-02
4.34	8.92E-02
4.36	6.74E-02
4.38	5.33E-02
4.4	6.89E-02
4.42	1.10E-01
4.44	7.85E-02
4.46	8.86E-02
4.48	6.04E-02
4.5	6.58E-02
4.52	-1.10E-01
4.54	-9.48E-02
4.56	-1.09E-01
4.58	-1.19E-01
4.6	-1.06E-01
4.62	-1.03E-01
4.64	-1.56E-01
4.66	-1.27E-01
4.68	-1.14E-01
4.7	-8.91E-02
4.72	-6.25E-02
4.74	-2.63E-02
4.76	2.45E-03
4.78	4.47E-02
4.8	7.08E-02
4.82	7.22E-02
4.84	7.04E-02
4.86	6.86E-02
4.88	6.35E-02
4.9	8.10E-02
4.92	6.42E-02
4.94	5.35E-02
4.96	4.72E-02
4.98	5.44E-02
5	6.35E-02
5.02	5.27E-02
5.04	2.10E-02
5.06	-6.83E-03
5.08	-1.35E-02
5.1	5.00E-03
5.12	5.47E-02
5.14	1.02E-01
5.16	3.29E-02
5.18	-1.85E-02
5.2	1.19E-02
5.22	4.70E-02
5.24	7.30E-02
5.26	1.08E-01
5.28	1.24E-01
5.3	1.12E-01
5.32	5.38E-02
5.34	1.73E-03
5.36	4.69E-03
5.38	-1.43E-02
5.4	-1.09E-02
5.42	-3.45E-02
5.44	-7.95E-02
5.46	-1.02E-01
5.48	-1.01E-01
5.5	-9.49E-02
5.52	-6.96E-02
5.54	-4.50E-02
5.56	-2.15E-02
5.58	1.73E-03
5.6	2.02E-02
5.62	5.89E-02
5.64	5.41E-02
5.66	8.57E-03
5.68	-7.55E-03
5.7	-4.11E-02
5.72	-5.44E-02
5.74	-5.08E-02
5.76	-3.07E-02
5.78	-1.08E-02
5.8	-4.53E-02
5.82	-8.08E-02
5.84	-4.80E-02
5.86	-4.22E-02
5.88	-1.41E-02
5.9	9.99E-03
5.92	3.29E-02
5.94	1.02E-03
5.96	-2.93E-02
5.98	-4.13E-02
6	-2.40E-02
6.02	-1.70E-02
6.04	6.83E-03
6.06	2.42E-02
6.08	4.13E-02
6.1	3.46E-02
6.12	1.37E-02
6.14	-4.89E-03
6.16	-2.76E-02
6.18	-4.48E-02
6.2	-1.27E-02
6.22	1.20E-02
6.24	4.81E-02
6.26	6.50E-02
6.28	2.16E-02
6.3	-6.53E-03
6.32	-4.28E-02
6.34	-6.74E-02
6.36	-5.69E-02
6.38	-5.10E-02
6.4	-3.60E-02
6.42	-1.76E-02
6.44	-5.10E-04
6.46	1.64E-02
6.48	1.35E-02
6.5	1.43E-02
6.52	1.19E-02
6.54	3.16E-02
6.56	2.94E-02
6.58	1.57E-02
6.6	8.67E-03
6.62	-7.75E-03
6.64	-1.85E-02
6.66	-3.73E-02
6.68	-2.97E-02
6.7	-1.33E-03
6.72	2.79E-02
6.74	2.50E-02
6.76	1.11E-02
6.78	9.38E-03
6.8	-1.05E-02
6.82	-2.45E-02
6.84	-4.15E-02
6.86	-5.36E-02
6.88	-5.04E-02
6.9	-7.33E-02
6.92	-5.33E-02
6.94	-2.65E-02
6.96	1.34E-02
6.98	7.07E-02
7	8.90E-02
7.02	6.28E-02
7.04	4.27E-02
7.06	-9.28E-03
7.08	-5.60E-02
7.1	-9.47E-02
7.12	-8.70E-02
7.14	-5.89E-02
7.16	-4.04E-02
7.18	-6.71E-02
7.2	-7.32E-02
7.22	-3.48E-02
7.24	-4.38E-03
7.26	2.67E-02
7.28	5.78E-02
7.3	8.17E-02
7.32	9.80E-02
7.34	8.73E-02
7.36	6.74E-02
7.38	5.08E-02
7.4	2.90E-02
7.42	1.15E-02
7.44	-1.78E-02
7.46	-4.85E-02
7.48	-7.53E-02
7.5	-5.27E-02
7.52	-3.76E-02
7.54	-1.15E-02
7.56	-2.54E-02
7.58	-3.23E-02
7.6	-4.80E-02
7.62	-3.97E-02
7.64	-2.37E-02
7.66	-2.75E-03
7.68	2.30E-02
7.7	5.03E-02
7.72	6.44E-02
7.74	4.69E-02
7.76	3.60E-02
7.78	2.03E-02
7.8	6.42E-03
7.82	-1.27E-02
7.84	-3.05E-02
7.86	-3.96E-02
7.88	-3.26E-02
7.9	-1.84E-02
7.92	-2.34E-02
7.94	-3.71E-02
7.96	-4.71E-02
7.98	-5.89E-02
8	-7.04E-02
8.02	-7.74E-02
8.04	-5.94E-02
8.06	-4.43E-02
8.08	-3.74E-02
8.1	-6.44E-02
8.12	-6.75E-02
8.14	-5.35E-02
8.16	-3.60E-02
8.18	-2.30E-02
8.2	5.20E-03
8.22	-1.92E-02
8.24	-4.35E-02
8.26	-1.52E-02
8.28	-1.25E-02
8.3	8.06E-03
8.32	2.46E-02
8.34	2.04E-04
8.36	-2.48E-02
8.38	-4.86E-02
8.4	-7.67E-02
8.42	-1.02E-01
8.44	-1.31E-01
8.46	-9.79E-02
8.48	-2.83E-02
8.5	4.27E-02
8.52	1.01E-01
8.54	8.06E-02
8.56	1.16E-01
8.58	1.24E-01
8.6	1.14E-01
8.62	4.17E-02
8.64	6.66E-02
8.66	5.42E-02
8.68	8.64E-02
8.7	1.02E-04
8.72	-2.39E-02
8.74	-1.37E-02
8.76	-3.44E-02
8.78	-3.38E-02
8.8	-1.98E-02
8.82	1.63E-02
8.84	4.83E-02
8.86	6.14E-02
8.88	3.21E-02
8.9	2.09E-02
8.92	7.14E-03
8.94	3.97E-02
8.96	8.52E-02
8.98	1.02E-01
9	1.09E-01
9.02	1.12E-01
9.04	8.03E-02
9.06	7.27E-02
9.08	7.56E-02
9.1	7.59E-02
9.12	7.92E-02
9.14	8.58E-02
9.16	8.69E-02
9.18	9.26E-02
9.2	2.25E-02
9.22	5.30E-03
9.24	1.42E-02
9.26	7.44E-03
9.28	1.86E-02
9.3	2.28E-02
9.32	3.21E-02
9.34	2.91E-02
9.36	6.53E-03
9.38	-1.10E-02
9.4	-3.67E-02
9.42	-4.70E-02
9.44	-3.50E-02
9.46	-3.50E-02
9.48	-2.83E-02
9.5	-2.78E-02
9.52	-6.53E-02
9.54	-9.53E-02
9.56	-7.58E-02
9.58	-4.95E-02
9.6	-5.10E-03
9.62	3.58E-02
9.64	4.69E-02
9.66	9.08E-03
9.68	-3.39E-02
9.7	-6.50E-02
9.72	-1.04E-01
9.74	-7.42E-02
9.76	-4.83E-02
9.78	1.21E-02
9.8	3.32E-02
9.82	2.58E-02
9.84	1.47E-02
9.86	1.64E-02
9.88	2.67E-02
9.9	3.84E-02
9.92	3.11E-02
9.94	-2.24E-03
9.96	-3.13E-02
9.98	-7.14E-02
10	-8.46E-02
10.02	-9.56E-02
10.04	-4.24E-02
10.06	-5.52E-02
10.08	-9.99E-02
10.1	-4.23E-02
10.12	9.69E-03
10.14	6.18E-02
10.16	9.81E-02
10.18	1.01E-01
10.2	4.60E-02
10.22	-2.14E-03
10.24	-3.81E-02
10.26	-8.26E-03
10.28	8.97E-03
10.3	3.70E-02
10.32	7.61E-02
10.34	4.77E-02
10.36	-3.93E-02
10.38	-3.57E-03
10.4	-2.49E-02
10.42	-3.57E-03
10.44	-2.43E-02
10.46	-4.35E-02
10.48	-2.87E-02
10.5	-2.48E-02
10.52	-1.41E-02
10.54	-2.14E-03
10.56	4.69E-03
10.58	-9.08E-03
10.6	-2.27E-02
10.62	-4.26E-02
10.64	-6.56E-02
10.66	-4.80E-02
10.68	-1.11E-02
10.7	3.26E-02
10.72	6.19E-02
10.74	1.27E-02
10.76	1.77E-02
10.78	-2.86E-02
10.8	4.08E-03
10.82	3.03E-02
10.84	5.15E-02
10.86	4.32E-02
10.88	9.48E-03
10.9	-2.26E-02
10.92	-3.59E-02
10.94	-6.32E-03
10.96	2.72E-02
10.98	8.07E-02
11	7.23E-02
11.02	5.29E-02
11.04	3.24E-02
11.06	7.34E-03
11.08	-1.45E-02
11.1	-5.96E-02
11.12	-1.03E-01
11.14	-1.41E-01
11.16	-1.36E-01
11.18	-1.20E-01
11.2	-7.21E-02
11.22	-6.42E-02
11.24	-7.67E-02
11.26	-5.85E-02
11.28	-3.09E-02
11.3	-6.73E-03
11.32	3.93E-02
11.34	8.59E-02
11.36	1.25E-01
11.38	1.47E-01
11.4	1.73E-01
11.42	1.94E-01
11.44	2.14E-01
11.46	2.02E-01
11.48	1.87E-01
11.5	1.68E-01
11.52	1.48E-01
11.54	1.25E-01
11.56	1.19E-01
11.58	1.22E-01
11.6	7.28E-02
11.62	3.93E-02
11.64	-8.67E-03
11.66	-5.09E-02
11.68	-9.50E-02
11.7	-1.37E-01
11.72	-1.69E-01
11.74	-8.68E-02
11.76	-4.62E-02
11.78	-2.86E-03
11.8	4.98E-02
11.82	4.02E-02
11.84	7.14E-03
11.86	-4.14E-02
11.88	-1.05E-01
11.9	-1.22E-01
11.92	-1.40E-01
11.94	-1.42E-01
11.96	-1.48E-01
11.98	-1.14E-01
12	-7.98E-02
12.02	-3.69E-02
12.04	-2.51E-02
12.06	-5.55E-02
12.08	-7.12E-02
12.1	-9.38E-02
12.12	-9.85E-02
12.14	-8.50E-02
12.16	-7.38E-02
12.18	-5.79E-02
12.2	-4.19E-02
12.22	-2.64E-02
12.24	-3.77E-03
12.26	2.30E-02
12.28	4.21E-02
12.3	5.67E-02
12.32	7.47E-02
12.34	6.29E-02
12.36	3.68E-02
12.38	3.15E-02
12.4	2.57E-02
12.42	9.38E-03
12.44	-4.69E-03
12.46	-1.92E-02
12.48	-2.14E-02
12.5	-2.50E-02
12.52	-2.56E-02
12.54	-2.78E-02
12.56	-2.14E-02
12.58	-6.83E-03
12.6	7.85E-03
12.62	2.06E-02
12.64	1.27E-02
12.66	5.10E-03
12.68	-3.16E-03
12.7	-1.28E-02
12.72	4.24E-02
12.74	7.14E-02
12.76	5.79E-02
12.78	5.70E-02
12.8	4.30E-02
12.82	3.33E-02
12.84	2.07E-02
12.86	1.33E-02
12.88	1.27E-02
12.9	9.08E-03
12.92	-1.17E-02
12.94	-6.93E-03
12.96	9.89E-03
12.98	-6.42E-03
13	-1.71E-02
13.02	-4.34E-02
13.04	-3.04E-02
13.06	-9.79E-03
13.08	9.59E-03
13.1	4.01E-02
13.12	4.13E-02
13.14	2.06E-02
13.16	5.10E-03
13.18	-2.62E-02
13.2	-3.84E-02
13.22	-3.13E-02
13.24	-2.69E-02
13.26	-1.71E-02
13.28	-7.95E-03
13.3	4.59E-03
13.32	1.85E-02
13.34	3.67E-03
13.36	-1.41E-02
13.38	-2.96E-02
13.4	-4.98E-02
13.42	-4.16E-02
13.44	-2.44E-02
13.46	-6.22E-03
13.48	5.10E-04
13.5	-1.62E-02
13.52	-2.69E-02
13.54	-4.06E-02
13.56	-2.97E-02
13.58	-2.42E-02
13.6	-1.01E-02
13.62	3.16E-03
13.64	1.70E-02
13.66	3.14E-02
13.68	4.38E-02
13.7	6.06E-02
13.72	5.48E-02
13.74	1.78E-02
13.76	-4.49E-03
13.78	-2.49E-02
13.8	-4.36E-02
13.82	3.20E-02
13.84	5.15E-02
13.86	2.42E-02
13.88	2.70E-02
13.9	-1.60E-02
13.92	-3.49E-02
13.94	-2.27E-02
13.96	-2.61E-02
13.98	-3.94E-02
14	-3.68E-02
14.02	2.04E-03
14.04	4.01E-02
14.06	7.53E-02
14.08	1.05E-01
14.1	1.12E-01
14.12	5.77E-02
14.14	2.60E-02
14.16	-1.52E-02
14.18	-3.86E-02
14.2	-1.85E-02
14.22	-4.89E-03
14.24	2.56E-02
14.26	2.15E-02
14.28	-2.14E-03
14.3	-2.11E-02
14.32	-5.06E-02
14.34	-6.96E-02
14.36	-4.38E-02
14.38	-1.50E-02
14.4	2.04E-03
14.42	3.05E-02
14.44	7.39E-02
14.46	9.46E-02
14.48	5.61E-03
14.5	-5.79E-02
14.52	-8.35E-02
14.54	-7.02E-02
14.56	-4.69E-02
14.58	-1.82E-02
14.6	1.21E-02
14.62	3.83E-02
14.64	6.08E-02
14.66	5.28E-02
14.68	2.09E-02
14.7	5.91E-03
14.72	-4.30E-02
14.74	-3.99E-02
14.76	-3.46E-02
14.78	-5.11E-02
14.8	-3.84E-02
14.82	-3.16E-02
14.84	-2.79E-02
14.86	-3.65E-02
14.88	-3.35E-02
14.9	-1.71E-02
14.92	3.57E-03
14.94	2.34E-02
14.96	6.79E-02
14.98	7.69E-02
15	4.48E-02
15.02	2.38E-02
15.04	-7.14E-04
15.06	-2.99E-02
15.08	-5.04E-02
15.1	-3.21E-02
15.12	-2.30E-02
15.14	-4.18E-03
15.16	7.04E-03
15.18	-3.57E-03
15.2	-1.79E-02
15.22	-1.73E-02
15.24	-4.79E-03
15.26	7.75E-03
15.28	3.42E-02
15.3	4.37E-02
15.32	3.15E-02
15.34	2.40E-02
15.36	7.24E-03
15.38	9.79E-03
15.4	3.85E-02
15.42	4.68E-02
15.44	5.11E-02
15.46	3.73E-02
15.48	3.09E-02
15.5	1.84E-02
15.52	2.29E-02
15.54	2.28E-02
15.56	2.78E-02
15.58	2.43E-02
15.6	1.63E-02
15.62	9.89E-03
15.64	3.67E-03
15.66	-3.57E-03
15.68	-2.14E-03
15.7	4.49E-03
15.72	1.90E-02
15.74	3.71E-02
15.76	4.71E-02
15.78	5.84E-02
15.8	7.21E-02
15.82	6.22E-02
15.84	2.54E-02
15.86	7.65E-03
15.88	5.81E-03
15.9	5.10E-03
15.92	6.53E-03
15.94	-1.73E-03
15.96	-3.08E-02
15.98	-5.59E-02
16	-5.00E-02
16.02	-4.80E-02
16.04	-3.45E-02
16.06	-2.27E-02
16.08	-7.75E-03
16.1	3.77E-03
16.12	1.91E-02
16.14	2.95E-02
16.16	4.24E-02
16.18	5.04E-02
16.2	6.49E-02
16.22	4.95E-02
16.24	2.45E-02
16.26	6.32E-03
16.28	-2.25E-02
16.3	-2.53E-02
16.32	1.04E-02
16.34	-7.04E-03
16.36	-1.66E-02
16.38	-2.98E-02
16.4	-4.51E-02
16.42	-5.46E-02
16.44	-3.79E-02
16.46	-1.83E-02
16.48	5.61E-03
16.5	3.60E-02
16.52	4.23E-02
16.54	3.38E-02
16.56	3.10E-02
16.58	1.94E-02
16.6	1.24E-02
16.62	1.53E-03
16.64	-5.10E-03
16.66	-2.11E-02
16.68	-3.04E-02
16.7	-3.66E-02
16.72	-4.48E-02
16.74	-4.93E-02
16.76	-4.57E-02
16.78	-4.30E-02
16.8	-3.84E-02
16.82	-3.33E-02
16.84	-2.77E-02
16.86	-2.29E-02
16.88	-1.68E-02
16.9	-1.27E-02
16.92	-1.17E-02
16.94	-1.24E-02
16.96	-1.15E-02
16.98	-1.20E-02
17	-3.06E-04
17.02	8.36E-03
17.04	2.62E-02
17.06	3.74E-02
17.08	5.34E-02
17.1	-1.13E-02
17.12	-3.12E-02
17.14	-2.70E-02
17.16	-3.27E-02
17.18	-1.62E-02
17.2	-5.10E-03
17.22	8.97E-03
17.24	1.63E-03
17.26	-4.49E-03
17.28	-1.56E-02
17.3	-2.35E-02
17.32	-1.82E-02
17.34	-1.54E-02
17.36	-9.28E-03
17.38	-3.87E-03
17.4	2.65E-03
17.42	5.81E-03
17.44	-4.08E-04
17.46	-5.91E-03
17.48	-1.24E-02
17.5	-7.14E-03
17.52	2.25E-02
17.54	4.69E-02
17.56	8.21E-02
17.58	8.47E-02
17.6	4.71E-02
17.62	2.32E-02
17.64	-9.28E-03
17.66	-3.52E-02
17.68	-6.03E-02
17.7	-7.94E-02
17.72	-8.70E-02
17.74	-7.55E-02
17.76	-6.59E-02
17.78	-6.42E-02
17.8	-5.88E-02
17.82	-3.98E-02
17.84	-2.53E-02
17.86	-1.27E-02
17.88	-1.88E-02
17.9	-1.37E-02
17.92	-2.86E-03
17.94	1.91E-02
17.96	1.71E-02
17.98	3.77E-03
18	-7.04E-03
18.02	-8.26E-03
18.04	8.16E-04
18.06	3.77E-03
18.08	1.21E-02
18.1	1.78E-02
18.12	2.50E-02
18.14	3.09E-02
18.16	3.74E-02
18.18	4.23E-02
18.2	3.98E-02
18.22	3.68E-02
18.24	3.41E-02
18.26	2.65E-02
18.28	1.44E-02
18.3	2.24E-03
18.32	-1.04E-02
18.34	-1.92E-02
18.36	-7.44E-03
18.38	5.91E-03
18.4	2.89E-02
18.42	3.07E-02
18.44	1.51E-02
18.46	3.37E-03
18.48	-1.76E-02
18.5	-2.48E-02
18.52	-2.30E-02
18.54	-2.10E-02
18.56	-1.49E-02
18.58	-5.10E-04
18.6	1.37E-02
18.62	2.81E-02
18.64	4.39E-02
18.66	4.94E-02
18.68	5.57E-02
18.7	5.87E-02
18.72	6.53E-02
18.74	5.13E-02
18.76	2.35E-02
18.78	8.16E-04
18.8	-2.86E-02
18.82	-5.44E-02
18.84	-8.29E-02
18.86	-9.60E-02
18.88	-7.76E-02
18.9	-6.41E-02
18.92	-3.69E-02
18.94	-7.24E-03
18.96	5.71E-03
18.98	4.08E-03
19	7.04E-03
19.02	5.61E-03
19.04	7.24E-03
19.06	-8.16E-03
19.08	-9.28E-03
19.1	-1.05E-02
19.12	-2.63E-02
19.14	-3.71E-02
19.16	-4.90E-02
19.18	-5.55E-02
19.2	-3.23E-02
19.22	-9.59E-03
19.24	5.10E-04
19.26	-6.32E-03
19.28	-1.09E-02
19.3	-2.17E-02
19.32	-5.81E-03
19.34	5.81E-03
19.36	2.04E-02
19.38	3.17E-02
19.4	4.51E-02
19.42	4.59E-02
19.44	5.13E-02
19.46	5.47E-02
19.48	4.69E-02
19.5	3.45E-02
19.52	2.37E-02
19.54	8.26E-03
19.56	-5.51E-03
19.58	-2.06E-02
19.6	-3.24E-02
19.62	-4.57E-02
19.64	-5.78E-02
19.66	-6.65E-02
19.68	-5.34E-02
19.7	-4.22E-02
19.72	-2.56E-02
19.74	-8.87E-03
19.76	1.09E-02
19.78	3.05E-02
19.8	4.91E-02
19.82	6.84E-02
19.84	7.29E-02
19.86	4.99E-02
19.88	3.78E-02
19.9	1.68E-02
19.92	-5.00E-03
19.94	-2.57E-02
19.96	-5.41E-02
19.98	-6.65E-02
20	-4.41E-02
20.02	-3.14E-02
20.04	-9.59E-03
20.06	5.20E-03
20.08	2.47E-02
20.1	3.99E-02
20.12	5.62E-02
20.14	4.20E-02
20.16	2.67E-02
20.18	5.91E-03
20.2	-1.39E-02
20.22	-2.93E-02
20.24	-3.23E-02
20.26	-2.62E-02
20.28	-1.49E-02
20.3	-7.14E-04
20.32	1.78E-02
20.34	4.06E-02
20.36	5.76E-02
20.38	7.36E-02
20.4	8.28E-02
20.42	7.99E-02
20.44	8.60E-02
20.46	6.93E-02
20.48	5.21E-02
20.5	3.47E-02
20.52	1.50E-02
20.54	-3.37E-03
20.56	-2.32E-02
20.58	-4.18E-02
20.6	-5.91E-02
20.62	-3.94E-02
20.64	-4.62E-02
20.66	-5.82E-02
20.68	-6.81E-02
20.7	-8.06E-02
20.72	-9.67E-02
20.74	-9.30E-02
20.76	-6.46E-02
20.78	-2.67E-02
20.8	2.44E-02
20.82	8.64E-02
20.84	9.31E-02
20.86	7.49E-02
20.88	6.27E-02
20.9	3.70E-02
20.92	1.54E-02
20.94	-1.20E-02
20.96	-3.25E-02
20.98	-2.21E-02
21	-1.69E-02
21.02	-5.20E-03
21.04	-8.77E-03
21.06	-1.01E-02
21.08	-1.67E-02
21.1	-2.86E-03
21.12	1.79E-02
21.14	3.94E-02
21.16	4.72E-02
21.18	3.69E-02
21.2	2.90E-02
21.22	1.63E-02
21.24	1.53E-03
21.26	-1.48E-02
21.28	-3.06E-02
21.3	-4.75E-02
21.32	-5.89E-02
21.34	-5.13E-02
21.36	-4.62E-02
21.38	-3.74E-02
21.4	-2.78E-02
21.42	-2.22E-02
21.44	-3.52E-02
21.46	-3.73E-02
21.48	-4.82E-02
21.5	-5.01E-02
21.52	-3.05E-02
21.54	-1.14E-02
21.56	8.26E-03
21.58	3.14E-02
21.6	2.16E-02
21.62	2.55E-03
21.64	-1.41E-02
21.66	-3.87E-02
21.68	-4.68E-02
21.7	-3.46E-02
21.72	-2.50E-02
21.74	-8.06E-03
21.76	7.55E-03
21.78	2.28E-02
21.8	3.45E-02
21.82	4.21E-02
21.84	2.90E-02
21.86	2.75E-02
21.88	1.93E-02
21.9	1.36E-02
21.92	6.83E-03
21.94	2.04E-04
21.96	-9.59E-03
21.98	-1.83E-02
22	-2.80E-02
22.02	-3.65E-02
22.04	-2.83E-02
22.06	-1.66E-02
22.08	-5.51E-03
22.1	9.69E-03
22.12	1.69E-02
22.14	2.05E-02
22.16	3.08E-02
22.18	3.77E-02
22.2	4.63E-02
22.22	3.61E-02
22.24	2.21E-02
22.26	7.44E-03
22.28	-6.73E-03
22.3	5.30E-03
22.32	1.70E-02
22.34	2.99E-02
22.36	4.86E-02
22.38	3.42E-02
22.4	1.02E-04
22.42	-1.37E-02
22.44	-3.86E-02
22.46	-6.71E-02
22.48	-6.86E-02
22.5	-3.35E-02
22.52	-1.68E-02
22.54	1.51E-02
22.56	4.36E-02
22.58	7.25E-02
22.6	5.29E-02
22.62	3.63E-02
22.64	5.20E-03
22.66	-4.45E-02
22.68	-5.24E-02
22.7	-4.78E-02
22.72	-4.10E-02
22.74	-2.27E-02
22.76	-1.09E-02
22.78	3.67E-03
22.8	1.60E-02
22.82	2.82E-02
22.84	1.93E-02
22.86	1.18E-02
22.88	2.04E-04
22.9	-1.11E-02
22.92	-2.46E-02
22.94	-3.47E-02
22.96	-4.86E-02
22.98	-3.93E-02
23	-2.00E-02
23.02	-8.67E-03
23.04	8.67E-03
23.06	2.07E-02
23.08	3.61E-02
23.1	4.24E-02
23.12	3.54E-02
23.14	2.72E-02
23.16	1.42E-02
23.18	9.18E-04
23.2	-1.34E-02
23.22	-2.99E-02
23.24	-3.24E-02
23.26	-2.02E-02
23.28	-1.42E-02
23.3	-3.47E-03
23.32	6.53E-03
23.34	8.06E-03
23.36	-1.12E-03
23.38	5.40E-03
23.4	1.18E-02
23.42	1.99E-02
23.44	1.90E-02
23.46	1.42E-02
23.48	1.74E-02
23.5	2.12E-02
23.52	1.49E-02
23.54	8.67E-03
23.56	1.33E-03
23.58	-6.73E-03
23.6	-1.48E-02
23.62	-2.34E-02
23.64	-3.19E-02
23.66	-4.09E-02
23.68	-4.88E-02
23.7	-6.00E-02
23.72	-6.89E-02
23.74	-5.59E-02
23.76	-4.21E-02
23.78	-2.11E-02
23.8	-5.10E-04
23.82	2.24E-02
23.84	4.68E-02
23.86	6.93E-02
23.88	9.51E-02
23.9	9.43E-02
23.92	8.13E-02
23.94	6.60E-02
23.96	3.78E-02
23.98	1.56E-02
24	-1.46E-02
24.02	-2.96E-02
24.04	-1.63E-03
24.06	2.48E-02
24.08	4.94E-02
24.1	7.42E-02
24.12	4.46E-02
24.14	1.55E-02
24.16	-1.92E-02
24.18	-5.18E-02
24.2	-8.46E-02
24.22	-7.82E-02
24.24	-6.30E-02
24.26	-4.77E-02
24.28	-2.68E-02
24.3	2.35E-03
24.32	3.92E-02
24.34	7.28E-02
24.36	1.01E-01
24.38	6.97E-02
24.4	-1.83E-02
24.42	-7.72E-02
24.44	-5.96E-02
24.46	-5.27E-02
24.48	-2.99E-02
24.5	-6.93E-03
24.52	1.53E-02
24.54	4.01E-02
24.56	6.27E-02
24.58	8.86E-02
24.6	8.39E-02
24.62	6.29E-02
24.64	4.71E-02
24.66	2.11E-02
24.68	-7.75E-03
24.7	-3.51E-02
24.72	-5.98E-02
24.74	-8.63E-02
24.76	-1.10E-01
24.78	-1.20E-01
24.8	-1.01E-01
24.82	-8.72E-02
24.84	-6.69E-02
24.86	-4.74E-02
24.88	-2.62E-02
24.9	-4.79E-03
24.92	1.69E-02
24.94	3.86E-02
24.96	6.05E-02
24.98	8.08E-02
25	9.81E-02
25.02	1.17E-01
25.04	1.34E-01
25.06	1.52E-01
25.08	1.39E-01
25.1	1.15E-01
25.12	9.23E-02
25.14	5.77E-02
25.16	2.71E-02
25.18	-7.14E-03
25.2	-4.48E-02
25.22	-7.43E-02
25.24	-4.69E-02
25.26	-1.60E-02
25.28	2.07E-02
25.3	5.82E-02
25.32	9.23E-02
25.34	6.40E-02
25.36	3.14E-02
25.38	-7.14E-03
25.4	-4.22E-02
25.42	-2.64E-02
25.44	-1.74E-02
25.46	5.61E-03
25.48	3.00E-02
25.5	5.25E-02
25.52	7.80E-02
25.54	8.89E-02
25.56	7.42E-02
25.58	6.42E-02
25.6	4.41E-02
25.62	1.95E-02
25.64	-3.67E-03
25.66	-2.82E-02
25.68	-3.23E-02
25.7	-3.46E-02
25.72	-3.73E-02
25.74	-4.18E-02
25.76	-4.03E-02
25.78	-4.26E-02
25.8	9.08E-03
25.82	4.99E-02
25.84	9.74E-02
25.86	1.17E-01
25.88	9.10E-02
25.9	7.14E-02
25.92	4.00E-02
25.94	8.16E-03
25.96	-2.95E-02
25.98	-6.12E-02
26	-5.25E-02
26.02	-5.02E-02
26.04	-4.08E-02
26.06	-3.14E-02
26.08	-2.04E-02
26.1	-1.25E-02
26.12	-4.28E-03
26.14	-1.66E-02
26.16	-4.62E-02
26.18	-7.12E-02
26.2	-8.69E-02
26.22	-9.07E-02
26.24	-8.45E-02
26.26	-7.31E-02
26.28	-5.39E-02
26.3	-2.43E-02
26.32	-1.33E-03
26.34	1.21E-02
26.36	2.59E-02
26.38	3.58E-02
26.4	4.15E-02
26.42	4.76E-02
26.44	4.46E-02
26.46	2.25E-02
26.48	2.24E-03
26.5	-2.02E-02
26.52	-4.56E-02
26.54	-3.63E-02
26.56	-1.47E-02
26.58	6.73E-03
26.6	3.58E-02
26.62	6.21E-02
26.64	6.00E-02
26.66	4.50E-02
26.68	3.34E-02
26.7	1.39E-02
26.72	-1.43E-03
26.74	-1.96E-02
26.76	-2.13E-02
26.78	-1.50E-02
26.8	-1.96E-02
26.82	-1.71E-02
26.84	-1.03E-02
26.86	-2.45E-03
26.88	6.32E-03
26.9	1.59E-02
26.92	1.46E-02
26.94	1.34E-02
26.96	9.79E-03
26.98	6.63E-03
27	1.53E-03
27.02	6.02E-03
27.04	1.83E-02
27.06	2.89E-02
27.08	3.55E-02
27.1	1.88E-02
27.12	7.04E-03
27.14	-1.34E-02
27.16	-3.22E-02
27.18	-5.51E-02
27.2	-4.93E-02
27.22	-3.03E-02
27.24	-1.31E-02
27.26	6.83E-03
27.28	-8.16E-04
27.3	-9.28E-03
27.32	-1.79E-02
27.34	-2.96E-02
27.36	-4.09E-02
27.38	-5.00E-02
27.4	-4.48E-02
27.42	-3.57E-02
27.44	-2.52E-02
27.46	-1.63E-02
27.48	-1.03E-02
27.5	-1.92E-02
27.52	-2.20E-02
27.54	-2.57E-02
27.56	-2.23E-02
27.58	-1.35E-02
27.6	-1.45E-02
27.62	-2.26E-02
27.64	-2.55E-02
27.66	-3.32E-02
27.68	-3.85E-02
27.7	-3.37E-02
27.72	-2.95E-02
27.74	-2.59E-02
27.76	-2.24E-02
27.78	-1.92E-02
27.8	-1.61E-02
27.82	-1.35E-02
27.84	-1.23E-02
27.86	-1.06E-02
27.88	-7.14E-03
27.9	-3.37E-03
27.92	-1.63E-03
27.94	1.33E-03
27.96	-2.04E-03
27.98	-9.48E-03
28	-1.50E-02
28.02	-2.43E-02
28.04	-2.49E-02
28.06	-1.88E-02
28.08	-1.69E-02
28.1	-1.21E-02
28.12	-7.24E-03
28.14	-2.14E-03
28.16	3.06E-04
28.18	-1.04E-02
28.2	-1.77E-02
28.22	-2.82E-02
28.24	-1.72E-02
28.26	-4.28E-03
28.28	1.61E-02
28.3	1.67E-02
28.32	1.94E-03
28.34	-4.28E-03
28.36	-1.57E-02
28.38	-2.56E-02
28.4	-3.59E-02
28.42	-2.86E-02
28.44	-1.85E-02
28.46	-2.04E-03
28.48	1.04E-02
28.5	2.15E-02
28.52	2.86E-02
28.54	1.35E-02
28.56	9.08E-03
28.58	6.12E-04
28.6	-5.00E-03
28.62	-9.99E-03
28.64	-8.06E-03
28.66	-2.14E-03
28.68	1.02E-03
28.7	-8.97E-03
28.72	-1.60E-02
28.74	-2.18E-02
28.76	-1.62E-02
28.78	-3.37E-03
28.8	1.06E-02
28.82	2.35E-02
28.84	2.92E-02
28.86	2.37E-02
28.88	1.36E-02
28.9	6.12E-04
28.92	-1.23E-02
28.94	-2.51E-02
28.96	-2.56E-02
28.98	-1.96E-02
29	-1.43E-02
29.02	-6.63E-03
29.04	2.04E-04
29.06	7.75E-03
29.08	1.45E-02
29.1	2.24E-02
29.12	2.49E-02
29.14	1.75E-02
29.16	1.13E-02
29.18	3.67E-03
29.2	-5.10E-03
29.22	-1.06E-02
29.24	-1.69E-02
29.26	-1.28E-02
29.28	-2.55E-03
29.3	5.91E-03
29.32	5.81E-03
29.34	0.00E+00
29.36	-1.73E-03
29.38	-1.12E-03
29.4	-1.02E-04
29.42	4.28E-03
29.44	1.72E-02
29.46	2.16E-02
29.48	2.96E-02
29.5	2.15E-02
29.52	4.79E-03
29.54	-7.65E-03
29.56	-1.26E-02
29.58	-3.77E-03
29.6	6.93E-03
29.62	1.89E-02
29.64	2.90E-02
29.66	3.98E-02
29.68	4.45E-02
29.7	4.18E-02
29.72	3.50E-02
29.74	2.87E-02
29.76	2.04E-02
29.78	1.32E-02
29.8	6.42E-03
29.82	-2.04E-04
29.84	-5.91E-03
29.86	-7.04E-03
29.88	-1.02E-02
29.9	-1.15E-02
29.92	-1.54E-02
29.94	-1.90E-02
29.96	-2.01E-02
29.98	-2.07E-02
30	-2.31E-02
30.02	-1.67E-02
30.04	-4.79E-03
30.06	4.69E-03
30.08	1.50E-02
30.1	2.53E-02
30.12	2.67E-02
30.14	2.40E-02
30.16	2.48E-02
30.18	2.83E-02
30.2	3.19E-02
30.22	3.39E-02
30.24	2.39E-02
30.26	1.46E-02
30.28	7.04E-03
30.3	-1.22E-03
30.32	-1.26E-02
30.34	-2.29E-02
30.36	-3.40E-02
30.38	-3.40E-02
30.4	-3.13E-02
30.42	-2.41E-02
30.44	-1.63E-02
30.46	-8.26E-03
30.48	-5.51E-03
30.5	-2.55E-03
30.52	1.12E-03
30.54	4.69E-03
30.56	8.46E-03
30.58	1.15E-02
30.6	1.30E-02
30.62	9.99E-03
30.64	5.81E-03
30.66	1.53E-03
30.68	-4.38E-03
30.7	-9.48E-03
30.72	-1.53E-02
30.74	-2.05E-02
30.76	-2.59E-02
30.78	-3.12E-02
30.8	-3.57E-02
30.82	-3.78E-02
30.84	-3.47E-02
30.86	-1.94E-02
30.88	-7.24E-03
30.9	7.44E-03
30.92	2.18E-02
30.94	3.30E-02
30.96	2.70E-02
30.98	2.49E-02
31	1.91E-02
31.02	1.37E-02
31.04	7.65E-03
31.06	2.75E-03
31.08	3.98E-03
31.1	6.42E-03
31.12	3.06E-03
31.14	-1.02E-04
31.16	-4.38E-03
31.18	-6.12E-03
31.2	-3.37E-03
31.22	-1.33E-03
31.24	-1.02E-04
31.26	-6.22E-03
31.28	-8.77E-03
31.3	-1.09E-02
31.32	-1.28E-02
31.34	-1.50E-02
31.36	-1.21E-02
31.38	-7.24E-03
31.4	-2.55E-03
31.42	2.55E-03
31.44	3.26E-03
31.46	4.28E-03
31.48	7.44E-03
31.5	1.15E-02
31.52	1.57E-02
31.54	2.00E-02
31.56	2.48E-02
31.58	2.18E-02
31.6	1.47E-02
31.62	8.57E-03
31.64	2.24E-03
31.66	7.85E-03
31.68	1.13E-02
31.7	1.77E-02
31.72	1.96E-02
31.74	1.30E-02
31.76	8.46E-03
31.78	7.14E-04
31.8	-3.87E-03
31.82	-2.86E-03
31.84	-1.12E-03
31.86	-7.55E-03
31.88	-1.79E-02
31.9	-2.57E-02
31.92	-2.04E-02
31.94	-1.73E-02
31.96	-9.99E-03
31.98	-3.26E-03
32	4.28E-03
32.02	1.13E-02
32.04	1.80E-02
32.06	1.27E-02
32.08	7.85E-03
32.1	1.33E-03
32.12	-5.40E-03
32.14	-7.95E-03
32.16	-9.28E-03
32.18	-1.11E-02
32.2	-1.12E-02
32.22	-1.11E-02
32.24	-7.24E-03
32.26	-8.16E-04
32.28	4.49E-03
32.3	1.20E-02
32.32	1.32E-02
32.34	7.34E-03
32.36	2.96E-03
32.38	-3.57E-03
32.4	-9.89E-03
32.42	-1.46E-02
32.44	-1.40E-02
32.46	-1.46E-02
32.48	-1.38E-02
32.5	-1.19E-02
32.52	-3.87E-03
32.54	2.14E-03
32.56	1.11E-02
32.58	1.17E-02
32.6	5.91E-03
32.62	1.94E-03
32.64	-4.79E-03
32.66	-5.91E-03
32.68	-6.83E-03
32.7	-7.34E-03
32.72	-7.24E-03
32.74	-5.40E-03
32.76	-2.86E-03
32.78	-5.40E-03
32.8	-1.06E-02
32.82	-1.50E-02
32.84	-2.02E-02
32.86	-1.57E-02
32.88	-1.26E-02
32.9	-7.34E-03
32.92	-4.49E-03
32.94	-3.57E-03
32.96	-2.55E-03
32.98	-5.10E-04
33	2.65E-03
33.02	4.28E-03
33.04	5.10E-03
33.06	7.75E-03
33.08	1.17E-02
33.1	1.63E-02
33.12	1.40E-02
33.14	7.95E-03
33.16	2.96E-03
33.18	-3.57E-03
33.2	-5.30E-03
33.22	-8.36E-03
33.24	-1.20E-02
33.26	-1.36E-02
33.28	-1.25E-02
33.3	-1.28E-02
33.32	-1.37E-02
33.34	-1.15E-02
33.36	-5.91E-03
33.38	-1.33E-03
33.4	4.69E-03
33.42	1.01E-02
33.44	1.63E-02
33.46	2.08E-02
33.48	2.38E-02
33.5	2.47E-02
33.52	2.14E-02
33.54	1.71E-02
33.56	1.21E-02
33.58	7.24E-03
33.6	5.00E-03
33.62	3.06E-03
33.64	4.28E-03
33.66	6.22E-03
33.68	5.40E-03
33.7	1.73E-03
33.72	-1.12E-03
33.74	-5.30E-03
33.76	-9.08E-03
33.78	-1.15E-02
33.8	-9.38E-03
33.82	-4.59E-03
33.84	1.12E-03
33.86	6.93E-03
33.88	1.23E-02
33.9	7.24E-03
33.92	3.98E-03
33.94	-1.22E-03
33.96	-2.35E-03
33.98	-2.24E-03
34	-1.02E-04
34.02	2.55E-03
34.04	4.08E-03
34.06	-9.18E-04
34.08	-4.59E-03
34.1	-9.99E-03
34.12	-1.51E-02
34.14	-1.98E-02
34.16	-1.68E-02
34.18	-1.47E-02
34.2	-1.13E-02
34.22	-8.67E-03
34.24	-5.81E-03
34.26	-2.35E-03
34.28	1.63E-03
34.3	5.51E-03
34.32	8.77E-03
34.34	1.01E-02
34.36	1.20E-02
34.38	1.33E-02
34.4	1.52E-02
34.42	1.44E-02
34.44	1.03E-02
34.46	6.42E-03
34.48	1.53E-03
34.5	-2.35E-03
34.52	-4.89E-03
34.54	-7.65E-03
34.56	-9.99E-03
34.58	-1.09E-02
34.6	-1.13E-02
34.62	-8.26E-03
34.64	-1.73E-03
34.66	4.79E-03
34.68	9.08E-03
34.7	8.97E-03
34.72	7.65E-03
34.74	5.40E-03
34.76	5.40E-03
34.78	7.34E-03
34.8	3.77E-03
34.82	7.14E-04
34.84	-1.94E-03
34.86	-3.47E-03
34.88	-5.61E-03
34.9	-7.65E-03
34.92	-8.06E-03
34.94	-5.20E-03
34.96	-4.59E-03
34.98	-4.59E-03
35	-5.30E-03
35.02	-1.63E-03
35.04	5.71E-03
35.06	7.65E-03
35.08	9.08E-03
35.1	1.05E-02
35.12	1.11E-02
35.14	1.20E-02
35.16	9.79E-03
35.18	6.73E-03
35.2	3.77E-03
35.22	9.18E-04
35.24	2.55E-03
35.26	3.37E-03
35.28	5.40E-03
35.3	6.53E-03
35.32	6.93E-03
35.34	5.40E-03
35.36	-6.12E-04
35.38	-6.22E-03
35.4	-1.06E-02
35.42	-1.05E-02
35.44	-8.26E-03
35.46	-3.47E-03
35.48	9.18E-04
35.5	6.02E-03
35.52	9.99E-03
35.54	1.06E-02
35.56	9.08E-03
35.58	5.40E-03
35.6	3.37E-03
35.62	3.06E-03
35.64	2.55E-03
35.66	2.24E-03
35.68	-1.43E-03
35.7	-4.69E-03
35.72	-8.46E-03
35.74	-1.25E-02
35.76	-1.45E-02
35.78	-9.69E-03
35.8	-6.32E-03
35.82	-1.02E-03
35.84	1.94E-03
35.86	2.96E-03
35.88	4.49E-03
35.9	5.10E-03
35.92	6.32E-03
35.94	5.81E-03
35.96	3.98E-03
35.98	1.33E-03
36	-2.35E-03
36.02	-5.71E-03
36.04	-9.59E-03
36.06	-1.23E-02
36.08	-1.06E-02
36.1	-8.67E-03
36.12	-2.65E-03
36.14	2.86E-03
36.16	9.18E-03
36.18	1.45E-02
36.2	1.68E-02
36.22	1.67E-02
36.24	1.46E-02
36.26	1.27E-02
36.28	1.01E-02
36.3	7.04E-03
36.32	2.55E-03
36.34	-1.22E-03
36.36	-4.89E-03
36.38	-2.35E-03
36.4	-1.53E-03
36.42	-1.12E-03
36.44	-1.02E-04
36.46	5.10E-04
36.48	4.08E-04
36.5	-7.14E-04
36.52	-1.22E-03
36.54	1.02E-04
36.56	1.22E-03
36.58	2.65E-03
36.6	3.67E-03
36.62	2.55E-03
36.64	1.02E-03
36.66	-9.18E-04
36.68	-2.96E-03
36.7	-5.10E-03
36.72	-6.83E-03
36.74	-7.24E-03
36.76	-7.44E-03
36.78	-6.83E-03
36.8	-6.53E-03
36.82	-5.81E-03
36.84	-5.91E-03
36.86	-7.65E-03
36.88	-8.97E-03
36.9	-1.08E-02
36.92	-1.20E-02
36.94	-1.16E-02
36.96	-1.05E-02
36.98	-9.18E-03
37	-7.75E-03
37.02	-6.63E-03
37.04	-7.34E-03
37.06	-8.36E-03
37.08	-9.59E-03
37.1	-1.09E-02
37.12	-1.23E-02
37.14	-1.34E-02
37.16	-1.26E-02
37.18	-1.21E-02
37.2	-1.13E-02
37.22	-1.06E-02
37.24	-8.26E-03
37.26	-4.38E-03
37.28	-1.02E-03
37.3	7.34E-03
37.32	1.21E-02
37.34	1.39E-02
37.36	1.36E-02
37.38	1.23E-02
37.4	1.11E-02
37.42	9.38E-03
37.44	7.65E-03
37.46	4.08E-03
37.48	1.43E-03
37.5	-2.55E-03
37.52	-1.33E-03
37.54	3.57E-03
37.56	7.04E-03
37.58	1.28E-02
37.6	1.48E-02
37.62	1.15E-02
37.64	9.38E-03
37.66	7.95E-03
37.68	6.42E-03
37.7	5.61E-03
37.72	7.55E-03
37.74	8.87E-03
37.76	1.08E-02
37.78	1.09E-02
37.8	1.05E-02
37.82	1.08E-02
37.84	1.17E-02
37.86	1.23E-02
37.88	1.28E-02
37.9	1.17E-02
37.92	1.05E-02
37.94	8.06E-03
37.96	5.91E-03
37.98	3.47E-03
38	9.18E-04
38.02	-7.14E-04
38.04	2.75E-03
38.06	6.53E-03
38.08	1.12E-02
38.1	1.58E-02
38.12	1.51E-02
38.14	1.37E-02
38.16	1.21E-02
38.18	9.79E-03
38.2	7.85E-03
38.22	5.71E-03
38.24	6.02E-03
38.26	6.42E-03
38.28	6.93E-03
38.3	7.75E-03
38.32	8.36E-03
38.34	9.28E-03
38.36	9.18E-03
38.38	5.91E-03
38.4	2.96E-03
38.42	1.02E-03
38.44	3.06E-04
38.46	-1.33E-03
38.48	-2.14E-03
38.5	-3.57E-03
38.52	-3.37E-03
38.54	-1.22E-03
38.56	4.08E-04
38.58	9.18E-04
38.6	1.73E-03
38.62	1.12E-03
38.64	-4.08E-04
38.66	-1.63E-03
38.68	-3.37E-03
38.7	-4.89E-03
38.72	-6.63E-03
38.74	-6.53E-03
38.76	-5.00E-03
38.78	-3.57E-03
38.8	1.12E-03
38.82	2.86E-03
38.84	5.30E-03
38.86	5.51E-03
38.88	4.49E-03
38.9	3.47E-03
38.92	3.16E-03
38.94	3.67E-03
38.96	3.77E-03
38.98	2.55E-03
39	1.02E-03
39.02	-3.06E-04
39.04	-1.22E-03
39.06	-1.94E-03
39.08	-4.69E-03
39.1	-8.36E-03
39.12	-1.10E-02
39.14	-1.03E-02
39.16	-7.95E-03
39.18	-5.40E-03
39.2	-2.24E-03
39.22	7.14E-04
39.24	3.26E-03
39.26	3.87E-03
39.28	2.96E-03
39.3	2.35E-03
39.32	1.22E-03
39.34	2.04E-03
39.36	3.57E-03
39.38	2.75E-03
39.4	1.33E-03
39.42	2.04E-04
39.44	-1.73E-03
39.46	-2.55E-03
39.48	-2.04E-03
39.5	-1.63E-03
39.52	-1.02E-03
39.54	-2.04E-04
39.56	-1.02E-03
39.58	-2.45E-03
39.6	-3.98E-03
39.62	-5.10E-03
39.64	-4.79E-03
39.66	-2.24E-03
39.68	1.73E-03
39.7	5.40E-03
39.72	9.79E-03
39.74	1.35E-02
39.76	1.49E-02
39.78	1.33E-02
39.8	1.11E-02
39.82	8.46E-03
39.84	6.42E-03
39.86	7.24E-03
39.88	7.55E-03
39.9	8.06E-03
39.92	4.59E-03
39.94	1.63E-03
39.96	-1.84E-03
39.98	-5.71E-03
40	-7.75E-03
40.02	-7.85E-03
40.04	-8.46E-03
40.06	-8.26E-03
40.08	-7.75E-03
40.1	-7.34E-03
40.12	-8.67E-03
40.14	-9.38E-03
40.16	-1.08E-02
40.18	-1.18E-02
40.2	-1.31E-02
40.22	-1.42E-02
40.24	-1.47E-02
40.26	-1.34E-02
40.28	-1.24E-02
40.3	-1.09E-02
40.32	-1.04E-02
40.34	-1.21E-02
40.36	-1.37E-02
40.38	-1.56E-02
40.4	-1.75E-02
40.42	-1.73E-02
40.44	-1.60E-02
40.46	-1.28E-02
40.48	-9.59E-03
40.5	-6.12E-03
40.52	-3.37E-03
40.54	-2.04E-04
40.56	2.04E-03
40.58	2.65E-03
40.6	2.24E-03
40.62	1.63E-03
40.64	8.16E-04
40.66	-6.12E-04
40.68	-3.16E-03
40.7	-5.51E-03
40.72	-7.24E-03
40.74	-6.02E-03
40.76	-4.89E-03
40.78	-2.86E-03
40.8	-1.02E-03
40.82	1.53E-03
40.84	3.77E-03
40.86	6.12E-03
40.88	5.91E-03
40.9	5.10E-03
40.92	5.71E-03
40.94	6.63E-03
40.96	7.65E-03
40.98	8.26E-03
41	7.55E-03
41.02	7.04E-03
41.04	6.22E-03
41.06	5.40E-03
41.08	4.49E-03
41.1	4.18E-03
41.12	5.40E-03
41.14	6.32E-03
41.16	7.44E-03
41.18	6.53E-03
41.2	5.81E-03
41.22	4.69E-03
41.24	4.38E-03
41.26	5.91E-03
41.28	7.34E-03
41.3	8.46E-03
41.32	8.26E-03
41.34	8.36E-03
41.36	8.06E-03
41.38	8.06E-03
41.4	5.71E-03
41.42	2.45E-03
41.44	-6.12E-04
41.46	-4.08E-03
41.48	-5.81E-03
41.5	-7.65E-03
41.52	-9.38E-03
41.54	-1.02E-02
41.56	-8.97E-03
41.58	-8.26E-03
41.6	-6.53E-03
41.62	-3.77E-03
41.64	-1.12E-03
41.66	2.04E-04
41.68	1.22E-03
41.7	2.24E-03
41.72	3.87E-03
41.74	5.81E-03
41.76	7.75E-03
41.78	9.18E-03
41.8	8.26E-03
41.82	7.34E-03
41.84	5.81E-03
41.86	4.49E-03
41.88	1.63E-03
41.9	-2.04E-04
41.92	-1.33E-03
41.94	-2.75E-03
41.96	-3.77E-03
41.98	-5.10E-03
42	-5.61E-03
42.02	-4.79E-03
42.04	-3.98E-03
42.06	2.04E-04
42.08	4.28E-03
42.1	8.16E-03
42.12	8.67E-03
42.14	9.79E-03
42.16	9.99E-03
42.18	1.04E-02
42.2	1.04E-02
42.22	9.79E-03
42.24	9.18E-03
42.26	8.67E-03
42.28	9.08E-03
42.3	9.59E-03
42.32	1.05E-02
42.34	1.16E-02
42.36	1.26E-02
42.38	1.39E-02
42.4	1.49E-02
42.42	1.54E-02
42.44	1.38E-02
42.46	1.23E-02
42.48	1.09E-02
42.5	9.69E-03
42.52	8.26E-03
42.54	7.04E-03
42.56	5.40E-03
42.58	4.08E-03
42.6	2.35E-03
42.62	2.14E-03
42.64	2.86E-03
42.66	3.47E-03
42.68	2.86E-03
42.7	1.43E-03
42.72	6.12E-04
42.74	-5.10E-04
42.76	-1.53E-03
42.78	-1.63E-03
42.8	-1.12E-03
42.82	-8.16E-04
42.84	0.00E+00
42.86	6.12E-04
42.88	1.33E-03
42.9	1.02E-04
42.92	-1.02E-03
42.94	-2.55E-03
42.96	-3.47E-03
42.98	-3.47E-03
43	-3.98E-03
43.02	-5.40E-03
43.04	-6.73E-03
43.06	-8.36E-03
43.08	-9.69E-03
43.1	-1.10E-02
43.12	-1.14E-02
43.14	-1.11E-02
43.16	-1.10E-02
43.18	-1.08E-02
43.2	-1.22E-02
43.22	-1.36E-02
43.24	-1.51E-02
43.26	-1.68E-02
43.28	-1.72E-02
43.3	-1.61E-02
43.32	-1.36E-02
43.34	-9.89E-03
43.36	-6.53E-03
43.38	-2.65E-03
43.4	0.00E+00
43.42	2.55E-03
43.44	3.47E-03
43.46	2.96E-03
43.48	2.65E-03
43.5	1.84E-03
43.52	1.84E-03
43.54	3.16E-03
43.56	3.87E-03
43.58	4.89E-03
43.6	5.91E-03
43.62	6.83E-03
43.64	6.22E-03
43.66	5.20E-03
43.68	2.75E-03
43.7	5.10E-04
43.72	-2.04E-03
43.74	-3.37E-03
43.76	-4.89E-03
43.78	-6.12E-03
43.8	-7.34E-03
43.82	-8.67E-03
43.84	-9.28E-03
43.86	-8.46E-03
43.88	-8.06E-03
43.9	-7.24E-03
43.92	-8.26E-03
43.94	-9.69E-03
43.96	-1.14E-02
43.98	-1.33E-02
44	-1.49E-02
44.02	-1.37E-02
44.04	-1.24E-02
44.06	-1.09E-02
44.08	-9.18E-03
44.1	-7.44E-03
44.12	-6.02E-03
44.14	-6.93E-03
44.16	-7.95E-03
44.18	-8.57E-03
44.2	-6.83E-03
44.22	-5.51E-03
44.24	-3.57E-03
44.26	-2.04E-03
44.28	-3.87E-03
44.3	-5.61E-03
44.32	-8.16E-03
44.34	-1.06E-02
44.36	-1.22E-02
44.38	-1.33E-02
44.4	-1.21E-02
44.42	-1.04E-02
44.44	-6.32E-03
44.46	-2.55E-03
44.48	1.73E-03
44.5	5.10E-03
44.52	6.32E-03
44.54	5.30E-03
44.56	4.28E-03
44.58	2.45E-03
44.6	3.06E-04
44.62	-3.06E-04
44.64	2.04E-04
44.66	-2.04E-04
44.68	-1.84E-03
44.7	-3.37E-03
44.72	-4.59E-03
44.74	-4.49E-03
44.76	-4.59E-03
44.78	-4.28E-03
44.8	-4.08E-03
44.82	-3.98E-03
44.84	-5.40E-03
44.86	-6.73E-03
44.88	-8.36E-03
44.9	-9.89E-03
44.92	-9.08E-03
44.94	-8.36E-03
44.96	-7.24E-03
44.98	-6.93E-03
45	-8.87E-03
45.02	-1.03E-02
45.04	-1.23E-02
45.06	-1.37E-02
45.08	-1.49E-02
45.1	-1.60E-02
45.12	-1.70E-02
45.14	-1.77E-02
45.16	-1.85E-02
45.18	-1.79E-02
45.2	-1.73E-02
45.22	-1.67E-02
45.24	-1.55E-02
45.26	-1.27E-02
45.28	-1.02E-02
45.3	-7.24E-03
45.32	-4.38E-03
45.34	-2.65E-03
45.36	-1.33E-03
45.38	2.04E-04
45.4	1.53E-03
45.42	3.16E-03
45.44	3.26E-03
45.46	2.45E-03
45.48	2.14E-03
45.5	1.02E-04
45.52	-3.06E-03
45.54	-5.00E-03
45.56	-6.93E-03
45.58	-7.34E-03
45.6	-6.12E-03
45.62	-4.79E-03
45.64	-4.18E-03
45.66	-3.67E-03
45.68	-3.16E-03
45.7	-2.55E-03
45.72	-6.12E-04
45.74	1.02E-03
45.76	2.96E-03
45.78	4.59E-03
45.8	6.53E-03
45.82	7.24E-03
45.84	6.73E-03
45.86	6.53E-03
45.88	6.02E-03
45.9	7.75E-03
45.92	9.28E-03
45.94	1.01E-02
45.96	1.09E-02
45.98	1.14E-02
46	9.69E-03
46.02	7.75E-03
46.04	5.71E-03
46.06	3.26E-03
46.08	1.84E-03
46.1	1.22E-03
46.12	9.18E-04
46.14	1.22E-03
46.16	5.10E-04
46.18	-4.08E-04
46.2	-1.33E-03
46.22	-2.35E-03
46.24	-3.47E-03
46.26	-4.69E-03
46.28	-6.32E-03
46.3	-6.53E-03
46.32	-5.20E-03
46.34	-3.67E-03
46.36	-1.53E-03
46.38	4.08E-04
46.4	1.33E-03
46.42	1.12E-03
46.44	8.16E-04
46.46	3.06E-04
46.48	4.08E-04
46.5	5.10E-04
46.52	7.14E-04
46.54	9.18E-04
46.56	9.18E-04
46.58	3.06E-04
46.6	-1.02E-04
46.62	-7.14E-04
46.64	5.10E-04
46.66	2.35E-03
46.68	4.18E-03
46.7	5.71E-03
46.72	6.02E-03
46.74	6.53E-03
46.76	6.83E-03
46.78	6.83E-03
46.8	5.81E-03
46.82	5.00E-03
46.84	3.98E-03
46.86	2.96E-03
46.88	3.26E-03
46.9	3.98E-03
46.92	4.59E-03
46.94	5.51E-03
46.96	6.32E-03
46.98	7.24E-03
47	7.85E-03
47.02	8.16E-03
47.04	8.77E-03
47.06	1.01E-02
47.08	1.05E-02
47.1	9.48E-03
47.12	8.67E-03
47.14	8.16E-03
47.16	9.59E-03
47.18	1.06E-02
47.2	1.22E-02
47.22	1.35E-02
47.24	1.22E-02
47.26	1.12E-02
47.28	9.89E-03
47.3	9.59E-03
47.32	9.48E-03
47.34	9.38E-03
47.36	9.18E-03
47.38	9.08E-03
47.4	9.08E-03
47.42	9.69E-03
47.44	1.01E-02
47.46	1.08E-02
47.48	1.02E-02
47.5	9.48E-03
47.52	8.57E-03
47.54	7.85E-03
47.56	7.34E-03
47.58	6.93E-03
47.6	6.53E-03
47.62	6.53E-03
47.64	6.83E-03
47.66	6.22E-03
47.68	3.98E-03
47.7	2.04E-03
47.72	-4.08E-04
47.74	-1.84E-03
47.76	-2.55E-03
47.78	-3.57E-03
47.8	-3.77E-03
47.82	-2.86E-03
47.84	-2.04E-03
47.86	-8.16E-04
47.88	9.18E-04
47.9	3.06E-03
47.92	6.73E-03
47.94	1.01E-02
47.96	1.38E-02
47.98	1.51E-02
48	1.65E-02
48.02	1.76E-02
48.04	1.85E-02
48.06	1.61E-02
48.08	1.39E-02
48.1	1.11E-02
48.12	8.97E-03
48.14	8.57E-03
48.16	8.06E-03
48.18	7.75E-03
48.2	7.55E-03
48.22	6.32E-03
48.24	4.49E-03
48.26	3.06E-03
48.28	2.96E-03
48.3	2.96E-03
48.32	2.55E-03
48.34	1.94E-03
48.36	1.33E-03
48.38	1.63E-03
48.4	2.04E-03
48.42	2.55E-03
48.44	1.53E-03
48.46	-2.04E-04
48.48	-1.84E-03
48.5	-3.77E-03
48.52	-4.79E-03
48.54	-5.91E-03
48.56	-6.93E-03
48.58	-7.85E-03
48.6	-8.77E-03
48.62	-9.18E-03
48.64	-9.08E-03
48.66	-8.77E-03
48.68	-8.36E-03
48.7	-7.95E-03
48.72	-8.26E-03
48.74	-8.67E-03
48.76	-9.18E-03
48.78	-9.28E-03
48.8	-7.14E-03
48.82	-5.30E-03
48.84	-3.47E-03
48.86	-1.94E-03
48.88	-4.08E-04
48.9	-3.06E-04
48.92	-7.14E-04
48.94	-3.06E-04
48.96	7.14E-04
48.98	1.53E-03
49	8.16E-04
49.02	-1.02E-04
49.04	-1.02E-03
49.06	-2.24E-03
49.08	-3.67E-03
49.1	-5.00E-03
49.12	-6.32E-03
49.14	-5.91E-03
49.16	-5.61E-03
49.18	-5.00E-03
49.2	-4.49E-03
49.22	-2.65E-03
49.24	3.06E-04
49.26	2.55E-03
49.28	3.57E-03
49.3	4.69E-03
49.32	5.71E-03
49.34	7.34E-03
49.36	8.57E-03
49.38	1.04E-02
49.4	1.06E-02
49.42	9.69E-03
49.44	8.87E-03
49.46	8.46E-03
49.48	9.59E-03
49.5	1.08E-02
49.52	9.38E-03
49.54	6.53E-03
49.56	3.98E-03
49.58	8.16E-04
49.6	-2.24E-03
49.62	-2.96E-03
49.64	-2.14E-03
49.66	-1.53E-03
49.68	-6.12E-04
49.7	-2.45E-03
49.72	-3.87E-03
49.74	-5.91E-03
49.76	-6.63E-03
49.78	-4.79E-03
49.8	-3.87E-03
49.82	-3.26E-03
49.84	-2.65E-03
49.86	-2.24E-03
49.88	-3.16E-03
49.9	-4.08E-03
49.92	-5.00E-03
49.94	-6.22E-03
49.96	-6.53E-03
49.98	-5.40E-03
50	-4.89E-03
50.02	-3.87E-03
50.04	-3.57E-03
50.06	-4.69E-03
50.08	-4.49E-03
50.1	-3.47E-03
50.12	-2.75E-03
50.14	-1.53E-03
50.16	-5.10E-04
50.18	6.12E-04
50.2	1.33E-03
50.22	1.02E-03
50.24	9.18E-04
50.26	5.10E-04
50.28	-3.06E-04
50.3	-1.12E-03
50.32	-1.53E-03
50.34	-1.84E-03
50.36	-2.14E-03
50.38	-2.45E-03
50.4	-2.75E-03
50.42	-3.67E-03
50.44	-4.69E-03
50.46	-5.71E-03
50.48	-7.34E-03
50.5	-8.57E-03
50.52	-1.03E-02
50.54	-1.02E-02
50.56	-9.08E-03
50.58	-4.79E-03
50.6	-7.04E-03
50.62	-1.33E-02
50.64	-1.83E-02
50.66	-2.38E-02
50.68	-2.24E-02
50.7	-2.29E-02
50.72	-2.00E-02
50.74	-1.34E-02
50.76	-6.53E-03
50.78	2.04E-04
50.8	8.36E-03
50.82	8.16E-03
50.84	3.87E-03
50.86	6.02E-03
50.88	6.12E-04
50.9	-5.10E-03
50.92	-1.08E-02
50.94	-1.63E-02
50.96	-1.64E-02
50.98	-1.44E-02
51	-1.22E-02
51.02	-9.38E-03
51.04	-6.53E-03
51.06	-8.57E-03
51.08	-8.06E-03
51.1	1.02E-04
51.12	5.20E-03
51.14	1.43E-02
51.16	1.35E-02
51.18	5.20E-03
51.2	-1.12E-03
51.22	-9.69E-03
51.24	-5.00E-03
51.26	-8.16E-04
51.28	5.10E-03
51.3	1.03E-02
51.32	1.14E-02
51.34	1.39E-02
51.36	1.11E-02
51.38	6.12E-03
51.4	2.24E-03
51.42	5.10E-03
51.44	7.04E-03
51.46	7.14E-03
51.48	8.36E-03
51.5	8.77E-03
51.52	9.99E-03
51.54	1.39E-02
51.56	1.34E-02
51.58	8.87E-03
51.6	4.89E-03
51.62	2.24E-03
51.64	3.37E-03
51.66	3.37E-03
51.68	4.89E-03
51.7	4.79E-03
51.72	4.18E-03
51.74	3.67E-03
51.76	3.06E-03
51.78	4.49E-03
51.8	5.71E-03
51.82	7.44E-03
51.84	8.16E-03
51.86	7.95E-03
51.88	7.85E-03
51.9	8.26E-03
51.92	9.79E-03
51.94	1.10E-02
51.96	1.22E-02
51.98	1.11E-02
52	9.99E-03
52.02	8.36E-03
52.04	5.51E-03
52.06	2.04E-03
52.08	-1.43E-03
52.1	-3.87E-03
52.12	-1.43E-03
52.14	6.12E-04
52.16	1.63E-03
52.18	-1.12E-03
52.2	-3.06E-03
52.22	-5.30E-03
52.24	-4.59E-03
52.26	-5.71E-03
52.28	-5.61E-03
52.3	-4.69E-03
52.32	-4.28E-03
52.34	-3.37E-03
52.36	-3.26E-03
52.38	-3.16E-03
52.4	-2.55E-03
52.42	2.55E-03
52.44	9.18E-04
52.46	-2.14E-03
52.48	-3.37E-03
52.5	-4.08E-03
52.52	-4.18E-03
52.54	-3.06E-03
52.56	-2.45E-03
52.58	-1.43E-03
52.6	-6.12E-04
52.62	4.08E-04
52.64	1.22E-03
52.66	2.14E-03
52.68	3.16E-03
52.7	2.75E-03
52.72	1.12E-03
52.74	9.18E-04
52.76	1.12E-03
52.78	1.43E-03
52.8	1.84E-03
52.82	2.35E-03
52.84	3.06E-03
52.86	4.59E-03
52.88	5.81E-03
52.9	7.55E-03
52.92	7.65E-03
52.94	6.42E-03
52.96	5.81E-03
52.98	4.49E-03
53	3.37E-03
53.02	2.14E-03
53.04	2.14E-03
53.06	2.65E-03
53.08	2.45E-03
53.1	1.53E-03
53.12	-1.43E-03
53.14	-5.51E-03
53.16	-9.28E-03
53.18	-1.38E-02
53.2	-1.22E-02
53.22	-7.95E-03
53.24	-4.69E-03
53.26	8.16E-04
53.28	1.33E-03
53.3	-1.33E-03
53.32	-2.75E-03
53.34	-5.91E-03
53.36	-5.00E-03
53.38	-5.30E-03
53.4	-3.67E-03
53.42	-4.38E-03
53.44	-3.47E-03
53.46	-2.45E-03
